Arrangement_type: 2
Cylindrical_diameter: 1.0000000000000000
Cylindrical_length: 0.50000000000000000
Cylindrical_aspect_ratio: 0.50000000000000000
Box_length: 2.0541107546480060, 0.0000000000000000, 0.0000000000000000, -0.49370062151769600, 2.0516078612292148, 0.0000000000000000, -0.37914969016750344, 0.29414603375936249, 1.6325821920857484
Box_volume: 6.8800764792412252
Packing_fraction: 0.93414525788760527
Number_density: 0.72673610752527984
Number_of_particles: 5
Nematic_order_parameter: 0.99999999999983813
 
Positions_and_orientations: 
R, 0.80698369930289704, -0.29418046927330915, 0.56652806759748953, 0.62100896133576611, 0.18861880943159211E-1, -0.78329609195624994, -0.20960241268807109E-1
R, 0.37008489716862575, 0.35726829655877347E-1, 0.25265247382450701, 0.61623712001899844, -0.10793535153168421, -0.77605307959674696, 0.79645398164617937E-1
R, 0.64854309994616180E-1, 0.30354888041009798, -0.62651693082863136, 0.62507327635111964, 0.37942869830066833, 0.49206228357978316, 0.47243197518344315
R, -0.43108008174806156, -0.91824571277846101, -0.75217413152277579, 0.10793562526233060, 0.61623701049792279, 0.79645791828315271E-1, 0.77605308809127649
R, -0.61953885177751322, 0.86551486535498012, 0.12694794423697600, -0.61623632675694595, 0.10794046120013942, 0.77605260048644531, -0.79649279338229295E-1
