Geometry: Ellipsoid-of-Revolution
 
EOR model: Isihara-Hadwiger Theorem
 
Zhang Correction Applied
 
Percus-Yevick Correction Applied
 
Overriding effective packing fraction coefficients for A2
 
Critical Temperature: 336.4444796 K
Critical Pressure: 8.659828724 MPa
Critical Molar Density: 7474.480922 mol/m³
Critical Molar Volume: 0.1337885547E-3 m³/mol
 
'Temperature [K]' 'Minimum Pressure [MPa]' 'Saturation Pressure [MPa]' 'Maximum Pressure [MPa]' 'Liq. Molar Density [mol/m³]' 'Vap. Molar Density [mol/m³]' 'Fugacity Ratio' 'Damping Factor' 'Iterations'
200.00000000000000 0.0000000000000000 0.19302791533226429 1.4200480083906069 17453.039777916096 121.01057319988423 0.99999999846460541 1.0000000000000000 7
200.50000000000000 0.0000000000000000 0.19759719000714843 1.4310260585737951 17432.980777574689 123.65396234272487 0.99999999830588449 1.0000000000000000 7
201.00000000000000 0.0000000000000000 0.20225002310312079 1.4420675468853605 17412.903452086051 126.34150254199409 0.99999999813206442 1.0000000000000000 7
201.50000000000000 0.0000000000000000 0.20698744484786552 1.4531727599488971 17392.807551880247 129.07369837064195 0.99999999794161798 1.0000000000000000 7
202.00000000000000 0.0000000000000000 0.21181049141510050 1.4643419857932412 17372.692829053394 131.85105817087120 0.99999999773335835 1.0000000000000000 7
202.50000000000000 0.0000000000000000 0.21672020433564201 1.4755755138646671 17352.559034438360 134.67409371973847 0.99999999750604529 1.0000000000000000 7
203.00000000000000 0.0000000000000000 0.22171762973012704 1.4868736350392917 17332.405914122912 137.54331978147513 0.99999999725756283 1.0000000000000000 7
203.50000000000000 0.0000000000000000 0.22680382010091912 1.4982366416356949 17312.233218191981 140.45925532631031 0.99999999698650188 1.0000000000000000 7
204.00000000000000 0.0000000000000000 0.23197983210832729 1.5096648274277424 17292.040690276499 143.42242213582367 0.99999999669088557 1.0000000000000000 7
204.50000000000000 0.0000000000000000 0.23724672799957874 1.5211584876576554 17271.828074515211 146.43334578640770 0.99999999636867964 1.0000000000000000 7
205.00000000000000 0.0000000000000000 0.24260557520970530 1.5327179190492872 17251.595113770505 149.49255544324453 0.99999999601789313 1.0000000000000000 7
205.50000000000000 0.0000000000000000 0.24805744618742767 1.5443434198216381 17231.341548988028 152.60058380185814 0.99999999563600694 1.0000000000000000 7
206.00000000000000 0.0000000000000000 0.25360341862476998 1.5560352897026044 17211.067120339620 155.75796729201346 0.99999999522118521 1.0000000000000000 7
206.50000000000000 0.0000000000000000 0.25924457513806082 1.5677938299429635 17190.771565254894 158.96524592657818 0.99999999416605978 1.0000000000000000 7
207.00000000000000 0.0000000000000000 0.26498200279739048 1.5796193433306156 17170.454620043354 162.22296305387636 0.99999999422983110 1.0000000000000000 7
207.50000000000000 0.0000000000000000 0.27081679466260655 1.5915121342050507 17150.116019800014 165.53166640772352 0.99999999374490045 1.0000000000000000 7
208.00000000000000 0.0000000000000000 0.27675004833433026 1.6034725084721073 17129.755497784168 168.89190722722628 0.99999999234729275 1.0000000000000000 7
208.50000000000000 0.0000000000000000 0.28278286520678897 1.6155007736189466 17109.372785559444 172.30423983367828 0.99999999335011380 1.0000000000000000 7
209.00000000000000 0.0000000000000000 0.28891635364024493 1.6275972387293265 17088.967610628657 175.76922373617575 0.99999999085809765 1.0000000000000000 7
209.50000000000000 0.0000000000000000 0.29515162487774899 1.6397622144991304 17068.539704252747 179.28742105882651 0.99999999015039853 1.0000000000000000 7
210.00000000000000 0.0000000000000000 0.30148979244784269 1.6519960132521665 17048.088791735980 182.85939620556127 1.0000000005772056 1.0000000000000000 8
210.50000000000000 0.0000000000000000 0.30793198440883568 1.6642989489562516 17027.614595117047 186.48572383140572 0.99999999933017047 1.0000000000000000 8
211.00000000000000 0.0000000000000000 0.31447932342381502 1.6766713372395956 17007.116839911145 190.16697604391013 1.0000000001272706 1.0000000000000000 8
211.50000000000000 0.0000000000000000 0.32113294080424681 1.6891134954074369 16986.595243794534 193.90373152304224 0.99999999909056747 1.0000000000000000 8
212.00000000000000 0.0000000000000000 0.32789397193825787 1.7016257424590335 16966.049528160016 197.69657263634701 0.99999999867562550 1.0000000000000000 8
212.50000000000000 0.0000000000000000 0.33476355658241724 1.7142083991048829 16945.479408841085 201.54608568968916 0.99999999895657365 1.0000000000000000 8
213.00000000000000 0.0000000000000000 0.34174283974533526 1.7268617877843360 16924.884600710753 205.45286155775102 0.99999999884773161 1.0000000000000000 8
213.50000000000000 0.0000000000000000 0.34883297044963879 1.7395862326834401 16904.264816608622 209.41749495235698 0.99999999868990008 1.0000000000000000 8
214.00000000000000 0.0000000000000000 0.35603510252872905 1.7523820597531683 16883.619767347624 213.44058499835646 0.99999999794180083 1.0000000000000000 8
214.50000000000000 0.0000000000000000 0.36335039360172294 1.7652495967279347 16862.949162533339 217.52273464080980 0.99999999849449484 1.0000000000000000 8
215.00000000000000 0.0000000000000000 0.37078000625378160 1.7781891731444652 16842.252707026655 221.66455146754487 0.99999999866055234 1.0000000000000000 8
215.50000000000000 0.0000000000000000 0.37832510757074206 1.7912011203609945 16821.530105666283 225.86664747628092 0.99999999815176499 1.0000000000000000 8
216.00000000000000 0.0000000000000000 0.38598686865508786 1.8042857715768199 16800.781062150210 230.12963883100443 0.99999999830501440 1.0000000000000000 8
216.50000000000000 0.0000000000000000 0.39376646509093088 1.8174434618521895 16780.005275111096 234.45414622709785 0.99999999780654447 1.0000000000000000 8
217.00000000000000 0.0000000000000000 0.40166507640854854 1.8306745281285806 16759.202442805403 238.84079461606331 0.99999999756772073 1.0000000000000000 8
217.50000000000000 0.0000000000000000 0.40968388668432182 1.8439793092493069 16738.372260044616 243.29021365798349 0.99999999686335717 1.0000000000000000 8
218.00000000000000 0.0000000000000000 0.41782408415609695 1.8573581459805322 16717.514422027671 247.80303754399750 0.99999999712175824 1.0000000000000000 8
218.50000000000000 0.0000000000000000 0.42608686115756833 1.8708113810326428 16696.628616645950 252.37990502378457 0.99999999620134072 1.0000000000000000 8
219.00000000000000 0.0000000000000000 0.43447341395586764 1.8843393590820174 16675.714534857369 257.02145937173890 0.99999999648878768 1.0000000000000000 8
219.50000000000000 0.0000000000000000 0.44298494362393742 1.8979424267931932 16654.771861141722 261.72834902863707 0.99999999578198129 1.0000000000000000 8
220.00000000000000 0.0000000000000000 0.45162265406267066 1.9116209328414360 16633.800279029350 266.50122634276192 0.99999999581321242 1.0000000000000000 8
220.50000000000000 0.0000000000000000 0.46038775472735377 1.9253752279357066 16612.799469836445 271.34074951546216 0.99999999508891080 1.0000000000000000 8
221.00000000000000 0.0000000000000000 0.46928145775045299 1.9392056648420761 16591.769112426391 276.24758070388361 0.99999999507849291 1.0000000000000000 8
221.50000000000000 0.0000000000000000 0.47830497922784576 1.9531125984075428 16570.708880306312 281.22238698095310 0.99999999513685567 1.0000000000000000 8
222.00000000000000 0.0000000000000000 0.48745954046878148 1.9670963855842891 16549.618446594970 286.26584120549762 0.99999999372477899 1.0000000000000000 8
222.50000000000000 0.0000000000000000 0.49674636495280422 1.9811573854543967 16528.497483485036 291.37862010329263 0.99999999397238204 1.0000000000000000 8
223.00000000000000 0.0000000000000000 0.50616668154134814 1.9952959592549986 16507.345656520021 296.56140648977214 0.99999999314984378 1.0000000000000000 8
223.50000000000000 0.0000000000000000 0.51572172192428400 2.0095124704039047 16486.162631312094 301.81488761889233 0.99999999252591321 1.0000000000000000 8
224.00000000000000 0.0000000000000000 0.52541272180279175 2.0238072845256925 16464.948069231003 307.13975606744555 0.99999999189026645 1.0000000000000000 8
224.50000000000000 0.0000000000000000 0.53524092066222273 2.0381807694782768 16443.701629069346 312.53670964190951 0.99999999120761152 1.0000000000000000 8
225.00000000000000 0.0000000000000000 0.54520756120097380 2.0526332953799842 16422.422965493755 318.00645111018679 0.99999999044121002 1.0000000000000000 8
225.50000000000000 0.0000000000000000 0.55531388514230895 2.0671652346370970 16401.111732666017 323.54968557930357 0.99999999889035585 1.0000000000000000 9
226.00000000000000 0.0000000000000000 0.56556115343372415 2.0817769619719519 16379.767580798540 329.16713352348972 0.99999999933938322 1.0000000000000000 9
226.50000000000000 0.0000000000000000 0.57595061490334820 2.0964688544515062 16358.390153908615 334.85951080698339 0.99999999871754264 1.0000000000000000 9
227.00000000000000 0.0000000000000000 0.58648352705180384 2.1112412915164787 16336.979098029475 340.62754203493529 0.99999999888997815 1.0000000000000000 9
227.50000000000000 0.0000000000000000 0.59716115088849242 2.1260946550110105 16315.534051799683 346.47195736148444 0.99999999890904268 1.0000000000000000 9
228.00000000000000 0.0000000000000000 0.60798475085773707 2.1410293292128739 16294.054651200884 352.39349251570161 0.99999999832699904 1.0000000000000000 9
228.50000000000000 0.0000000000000000 0.61895559512854692 2.1560457008642753 16272.540531342171 358.39288906990674 0.99999999789336802 1.0000000000000000 9
229.00000000000000 0.0000000000000000 0.63007495464775509 2.1711441592031848 16250.991321442247 364.47089391621790 0.99999999764889747 1.0000000000000000 9
229.50000000000000 0.0000000000000000 0.64134410408046250 2.1863250959952847 16229.406647973876 370.62825995324232 0.99999999756826030 1.0000000000000000 9
230.00000000000000 0.0000000000000000 0.65276432139415685 2.2015889055665210 16207.786134572474 376.86574590456752 0.99999999809884632 1.0000000000000000 9
230.50000000000000 0.0000000000000000 0.66433688816960801 2.2169359848362467 16186.129399037894 383.18411660406514 0.99999999781340065 1.0000000000000000 9
231.00000000000000 0.0000000000000000 0.67606308902287826 2.2323667333509891 16164.436057339353 389.58414271169556 0.99999999677593665 1.0000000000000000 9
231.50000000000000 0.0000000000000000 0.68794421082845492 2.2478815533188814 16142.705722810411 396.06660030135697 0.99999999698091580 1.0000000000000000 9
232.00000000000000 0.0000000000000000 0.69998154506031607 2.2634808496447039 16120.938002201958 402.63227247045211 0.99999999671584638 1.0000000000000000 9
232.50000000000000 0.0000000000000000 0.71217638558258023 2.2791650299656157 16099.132499468476 409.28194792220370 0.99999999608218570 1.0000000000000000 9
233.00000000000000 0.0000000000000000 0.72453002936568556 2.2949345046875549 16077.288815915146 416.01642169104099 0.99999999572607956 1.0000000000000000 9
233.50000000000000 0.0000000000000000 0.73704377612120764 2.3107896870223383 16055.406547239161 422.83649482273353 0.99999999581439480 1.0000000000000000 9
234.00000000000000 0.0000000000000000 0.74971892986437016 2.3267309930254547 16033.485286064571 429.74297556051602 0.99999999551011365 1.0000000000000000 9
234.50000000000000 0.0000000000000000 0.76255679594360026 2.3427588416345762 16011.524618925847 436.73667749345088 0.99999999484010427 1.0000000000000000 9
235.00000000000000 0.0000000000000000 0.77555868344924905 2.3588736547088418 15989.524130899397 443.81842126153578 0.99999999441117526 1.0000000000000000 9
235.50000000000000 0.0000000000000000 0.78872590423854572 2.3750758570688291 15967.483400897570 450.98903392845142 0.99999999394956540 1.0000000000000000 9
236.00000000000000 0.0000000000000000 0.80205977303565035 2.3913658765373724 15945.402003885561 458.24934919220254 0.99999999341561918 1.0000000000000000 9
236.50000000000000 0.0000000000000000 0.81556160697022817 2.4077441439810934 15923.279510318813 465.60020720214737 0.99999999314559762 1.0000000000000000 9
237.00000000000000 0.0000000000000000 0.82923272671012782 2.4242110933527892 15901.115486608109 473.04245535931790 0.99999999292134889 1.0000000000000000 9
237.50000000000000 0.0000000000000000 0.84307445498032163 2.4407671617345987 15878.909492535668 480.57694746674946 0.99999999211032198 1.0000000000000000 9
238.00000000000000 0.0000000000000000 0.85708811740102275 2.4574127893820421 15856.661086650680 488.20454438521682 0.99999999181330346 1.0000000000000000 9
238.50000000000000 0.0000000000000000 0.87127504213735252 2.4741484197688997 15834.369818348774 495.92611383932439 0.99999999083391633 1.0000000000000000 9
239.00000000000000 0.0000000000000000 0.88563655954028386 2.4909744996329599 15812.035236849973 503.74253044836615 0.99999999087642322 1.0000000000000000 9
239.50000000000000 0.0000000000000000 0.90017399452004310 2.5078914790226743 15789.656881430155 511.65467062589704 0.99999999888403046 1.0000000000000000 10
240.00000000000000 0.0000000000000000 0.91488870006035172 2.5248998113447296 15767.234289491571 519.66343471092148 0.99999999820793650 1.0000000000000000 10
240.50000000000000 0.0000000000000000 0.92978200573529468 2.5419999534125419 15744.766994029522 527.76971350423537 0.99999999830451713 1.0000000000000000 10
241.00000000000000 0.0000000000000000 0.94485525222629307 2.5591923654957216 15722.254519464903 535.97441077975111 0.99999999818443541 1.0000000000000000 10
241.50000000000000 0.0000000000000000 0.96010978246923206 2.5764775113705105 15699.696386368762 544.27843768363368 0.99999999779720905 1.0000000000000000 10
242.00000000000000 0.0000000000000000 0.97554694144180676 2.5938558583712346 15677.092110911071 552.68271274243011 0.99999999785246163 1.0000000000000000 10
242.50000000000000 0.0000000000000000 0.99116807743581858 2.6113278774427529 15654.441202176245 561.18816268570197 0.99999999741741052 1.0000000000000000 10
243.00000000000000 0.0000000000000000 1.0069745389547984 2.6288940431939789 15631.743163892945 569.79572063223770 0.99999999750212787 1.0000000000000000 10
243.50000000000000 0.0000000000000000 1.0229676786062105 2.6465548339524751 15608.997494060741 578.50632880051774 0.99999999733824285 1.0000000000000000 10
244.00000000000000 0.0000000000000000 1.0391488504093522 2.6643107318201316 15586.203685370123 587.32093671790062 0.99999999721339750 1.0000000000000000 10
244.50000000000000 0.0000000000000000 1.0555194092184224 2.6821622227299882 15563.361221588626 596.24050106044285 0.99999999691210706 1.0000000000000000 10
245.00000000000000 0.0000000000000000 1.0720807139116306 2.7001097965041807 15540.469585308560 605.26598783288807 0.99999999710395804 1.0000000000000000 10
245.50000000000000 0.0000000000000000 1.0888341245688873 2.7181539469131009 15517.528247006490 614.39837061094681 0.99999999617390900 1.0000000000000000 10
246.00000000000000 0.0000000000000000 1.1057810018561509 2.7362951717357298 15494.536676574591 623.63863038809768 0.99999999639741832 1.0000000000000000 10
246.50000000000000 0.0000000000000000 1.1229227094598799 2.7545339728212395 15471.494331279009 632.98775715017598 0.99999999609981582 1.0000000000000000 10
247.00000000000000 0.0000000000000000 1.1402606138318720 2.7728708561518265 15448.400667195998 642.44674985469396 0.99999999567932440 1.0000000000000000 10
247.50000000000000 0.0000000000000000 1.1577960809143870 2.7913063319068838 15425.255130691658 652.01661454474538 0.99999999569373854 1.0000000000000000 10
248.00000000000000 0.0000000000000000 1.1755304798594590 2.8098409145284657 15402.057160343213 661.69836677006697 0.99999999520488914 1.0000000000000000 10
248.50000000000000 0.0000000000000000 1.1934651806643424 2.8284751227881357 15378.806190077097 671.49303024351923 0.99999999503135495 1.0000000000000000 10
249.00000000000000 0.0000000000000000 1.2116015552209718 2.8472094798552114 15355.501644879329 681.40163765680495 0.99999999491387725 1.0000000000000000 10
249.50000000000000 0.0000000000000000 1.2299409770344507 2.8660445133664290 15332.142942738066 691.42523065068451 0.99999999469703227 1.0000000000000000 10
250.00000000000000 0.0000000000000000 1.2484848208010599 2.8849807554971014 15308.729494452051 701.56485959817144 0.99999999464133393 1.0000000000000000 10
250.50000000000000 0.0000000000000000 1.2672344623964746 2.9040187430337490 15285.260702210779 711.82158395772319 0.99999999455822153 1.0000000000000000 10
251.00000000000000 0.0000000000000000 1.2861912792231418 2.9231590174482882 15261.735960412352 722.19647230688486 0.99999999435481990 1.0000000000000000 10
251.50000000000000 0.0000000000000000 1.3053566499072420 2.9424021249738428 15238.154655391887 732.69060261263621 0.99999999382367777 1.0000000000000000 10
252.00000000000000 0.0000000000000000 1.3247319545839968 2.9617486166821121 15214.516167795862 743.30506242178228 0.99999999373292092 1.0000000000000000 10
252.50000000000000 0.0000000000000000 1.3443185728663116 2.9811990485624520 15190.819865366098 754.04094768552022 0.99999999383817439 1.0000000000000000 10
253.00000000000000 0.0000000000000000 1.3641178877432247 3.0007539816026667 15167.065110323583 764.89936554008477 0.99999999379402749 1.0000000000000000 10
253.50000000000000 0.0000000000000000 1.3841312822435821 3.0204139818715543 15143.251255312669 775.88143223254508 0.99999999350219693 1.0000000000000000 10
254.00000000000000 0.0000000000000000 1.4043601388710063 3.0401796206032334 15119.377643901562 786.98827290225051 0.99999999368062931 1.0000000000000000 10
254.50000000000000 0.0000000000000000 1.4248058434833506 3.0600514742833766 15095.443610150031 798.22102437450087 0.99999999335539125 1.0000000000000000 10
255.00000000000000 0.0000000000000000 1.4454697805155583 3.0800301247372786 15071.448480181403 809.58083214337046 0.99999999346567237 1.0000000000000000 10
255.50000000000000 0.0000000000000000 1.4663533358602312 3.1001161592199487 15047.391569397307 821.06885232778916 0.99999999408550977 1.0000000000000000 10
256.00000000000000 0.0000000000000000 1.4874578969438550 3.1203101705081555 15023.272182688408 832.68625225628966 0.99999999428299569 1.0000000000000000 10
256.50000000000000 0.0000000000000000 1.5087848498029850 3.1406127569945732 14999.089615826912 844.43420835938821 0.99999999469887813 1.0000000000000000 10
257.00000000000000 0.0000000000000000 1.5303355832287502 3.1610245227840394 14974.843155141638 856.31390920385297 0.99999999507606496 1.0000000000000000 10
257.50000000000000 0.0000000000000000 1.5521114838556100 3.1815460777919813 14950.532075714767 868.32655254984775 0.99999999612662416 1.0000000000000000 10
258.00000000000000 0.0000000000000000 1.5741139400625606 3.2021780378451141 14926.155640711759 880.47334812117924 0.99999999723733612 1.0000000000000000 10
258.50000000000000 0.0000000000000000 1.5963443544658520 3.2229210247844193 14901.713105215393 892.75552621145096 0.99999999182177468 1.0000000000000000 9
259.00000000000000 0.0000000000000000 1.6188040911168284 3.2437756665704929 14877.203709865886 905.17430198674492 0.99999999210510593 1.0000000000000000 8
259.50000000000000 0.0000000000000000 1.6414945210594105 3.2647425973913657 14852.626683226097 917.73090655886915 1.0000000058956946 1.0000000000000000 9
260.00000000000000 0.0000000000000000 1.6644170960562630 3.2858224577728228 14827.981249615092 930.42663856035063 1.0000000032509613 1.0000000000000000 10
260.50000000000000 0.0000000000000000 1.6875731595686008 3.3070158946912800 14803.266612105544 943.26273352554688 1.0000000055423093 1.0000000000000000 10
261.00000000000000 0.0000000000000000 1.7109641104247992 3.3283235616893601 14778.481967709278 956.24047752792785 1.0000000083165383 1.0000000000000000 10
261.50000000000000 0.0000000000000000 1.7345913551567003 3.3497461189941875 14753.626497684798 969.36117431379580 1.0000000024793887 0.98999999999999999 11
262.00000000000000 0.0000000000000000 1.7584562485526367 3.3712842336385305 14728.699370511220 982.62610419410214 1.0000000035040815 0.98999999999999999 11
262.50000000000000 0.0000000000000000 1.7825601929069028 3.3929385795848135 14703.699742837343 996.03659344432674 1.0000000043579158 0.98999999999999999 11
263.00000000000000 0.0000000000000000 1.8069045736116460 3.4147098378521474 14678.626757117601 1009.5939697233586 1.0000000055702909 0.98999999999999999 11
263.50000000000000 0.0000000000000000 1.8314907770197120 3.4365986966464321 14653.479542104888 1023.2995746972498 1.0000000070226938 0.98999999999999999 11
264.00000000000000 0.0000000000000000 1.8563201889484191 3.4586058514936955 14628.257212907281 1037.1547634828137 1.0000000086364138 0.98999999999999999 11
264.50000000000000 0.0000000000000000 1.8813942121348248 3.4807320053766060 14602.958869593496 1051.1609171004002 1.0000000025039295 0.98999999999999999 12
265.00000000000000 0.0000000000000000 1.9067141963712360 3.5029778688744844 14577.583596652561 1065.3193934846929 1.0000000031507594 0.98999999999999999 12
265.50000000000000 0.0000000000000000 1.9322815388997685 3.5253441603067057 14552.130462693709 1079.6315988065810 1.0000000035616410 0.98999999999999999 12
266.00000000000000 0.0000000000000000 1.9580976212365822 3.5478316058797721 14526.598524608644 1094.0989430388852 1.0000000045873112 0.98999999999999999 12
266.50000000000000 0.0000000000000000 1.9841638244822304 3.5704409398380732 14500.986818300746 1108.7228510995674 1.0000000050448605 0.98999999999999999 12
267.00000000000000 0.0000000000000000 2.0104815257003974 3.5931729046184504 14475.294367133170 1123.5047608046225 1.0000000061543297 0.98999999999999999 12
267.50000000000000 0.0000000000000000 2.0370521038620950 3.6160282510087711 14449.520176012758 1138.4461272922397 1.0000000072679069 0.98999999999999999 12
268.00000000000000 0.0000000000000000 2.0638769334875815 3.6390077383105521 14423.663231181610 1153.5484190816715 1.0000000083519915 0.98999999999999999 12
268.50000000000000 0.0000000000000000 2.0909574098232460 3.6621121345058167 14397.722505690079 1168.8131362088370 1.0000000025433333 0.98999999999999999 13
269.00000000000000 0.0000000000000000 2.1182948672000443 3.6853422164283187 14371.696947704251 1184.2417522541716 1.0000000031473251 0.98999999999999999 13
269.50000000000000 0.0000000000000000 2.1458906935233277 3.7086987699392466 14345.585490476051 1199.8357967326642 1.0000000036740073 0.98999999999999999 13
270.00000000000000 0.0000000000000000 2.1737462575989612 3.7321825901076262 14319.387048835004 1215.5968038010772 1.0000000043019110 0.98999999999999999 13
270.50000000000000 0.0000000000000000 2.2018629266960903 3.7557944813954975 14293.100517596493 1231.5263248716576 1.0000000049918913 0.98999999999999999 13
271.00000000000000 0.0000000000000000 2.2302420631772284 3.7795352578480883 14266.724768257351 1247.6259266520422 1.0000000057474954 0.98999999999999999 13
271.50000000000000 0.0000000000000000 2.2588850302792562 3.8034057432891513 14240.258655951244 1263.8971962370181 1.0000000067217081 0.98999999999999999 13
272.00000000000000 0.0000000000000000 2.2877931875959288 3.8274067715216251 14213.701011908190 1280.3417378768208 1.0000000077786078 0.98999999999999999 13
272.50000000000000 0.0000000000000000 2.3169678907053433 3.8515391865337962 14187.050644049397 1296.9611734431016 1.0000000088403462 0.98999999999999999 13
273.00000000000000 0.0000000000000000 2.3464105188628444 3.8758038427111838 14160.306343843911 1313.7571634995891 1.0000000029328189 0.98999999999999999 14
273.50000000000000 0.0000000000000000 2.3761223792753219 3.9002016050543391 14133.466870133167 1330.7313366602486 1.0000000033872445 0.98999999999999999 14
274.00000000000000 0.0000000000000000 2.4061048408023775 3.9247333494027776 14106.530965471957 1347.8853897360905 1.0000000040769794 0.98999999999999999 14
274.50000000000000 0.0000000000000000 2.4363592486085413 3.9493999626652689 14079.497343460991 1365.2210245419371 1.0000000046187756 0.98999999999999999 14
275.00000000000000 0.0000000000000000 2.4668869459249203 3.9742023430566449 14052.364696669265 1382.7399651064945 1.0000000054243934 0.98999999999999999 14
275.50000000000000 0.0000000000000000 2.4976892724044046 3.9991414003415087 14025.131689521802 1400.4439570347299 1.0000000063226080 0.98999999999999999 14
276.00000000000000 0.0000000000000000 2.5287675628983832 4.0242180560849885 13997.796956944991 1418.3347668852118 1.0000000069042903 0.98999999999999999 14
276.50000000000000 0.0000000000000000 2.5601231485109572 4.0494332439107970 13970.359111180609 1436.4141842849924 1.0000000080774989 0.98999999999999999 14
277.00000000000000 0.0000000000000000 2.5917573589977074 4.0747879097669495 13942.816733853257 1454.6840240393212 1.0000000094423007 0.98999999999999999 14
277.50000000000000 0.0000000000000000 2.6236715480185180 4.1002830121993643 13915.168380529278 1473.1461462919804 1.0000000034743717 0.98999999999999999 15
278.00000000000000 0.0000000000000000 2.6558669823504020 4.1259195226336756 13887.412566558040 1491.8023729413580 1.0000000040220576 0.98999999999999999 15
278.50000000000000 0.0000000000000000 2.6883450043527799 4.1516984256655736 13859.547787084875 1510.6546122627067 1.0000000045772397 0.98999999999999999 15
279.00000000000000 0.0000000000000000 2.7211069269957080 4.1776207193599655 13831.572502268687 1529.7047798834376 1.0000000051788822 0.98999999999999999 15
279.50000000000000 0.0000000000000000 2.7541540578590915 4.2036874155594317 13803.485138310823 1548.9548176640940 1.0000000059661289 0.98999999999999999 15
280.00000000000000 0.0000000000000000 2.7874877003686458 4.2298995402021520 13775.284088481058 1568.4066960398559 1.0000000071806430 0.98999999999999999 15
280.50000000000000 0.0000000000000000 2.8211091549450895 4.2562581336498093 13746.967709547047 1588.0624157629588 1.0000000082287386 0.98999999999999999 15
281.00000000000000 0.0000000000000000 2.8550197157406849 4.2827642510259238 13718.534323122934 1607.9240062129807 1.0000000092519699 0.98999999999999999 15
281.50000000000000 0.0000000000000000 2.8892207032384154 4.3094189625648482 13689.982218932020 1627.9935524263437 1.0000000036255114 0.98999999999999999 16
282.00000000000000 0.0000000000000000 2.9237133448764316 4.3362233539720920 13661.309634960868 1648.2731018829645 1.0000000043762081 0.98999999999999999 16
282.50000000000000 0.0000000000000000 2.9584989471977310 4.3631785267962435 13632.514779365194 1668.7648018168336 1.0000000048614854 0.98999999999999999 16
283.00000000000000 0.0000000000000000 2.9935787851178897 4.3902855988131364 13603.595818821062 1689.4708124699778 1.0000000054101648 0.98999999999999999 16
283.50000000000000 0.0000000000000000 3.0289541262585180 4.4175457044226745 13574.550876119141 1710.3933283635758 1.0000000063205265 0.98999999999999999 16
284.00000000000000 0.0000000000000000 3.0646262348548721 4.4449599950589107 13545.378029788571 1731.5345820329053 1.0000000073533792 0.98999999999999999 16
284.50000000000000 0.0000000000000000 3.1005963692731866 4.4725296396138781 13516.075314280924 1752.8968440878455 1.0000000085369025 0.98999999999999999 16
285.00000000000000 0.0000000000000000 3.1368657800516750 4.5002558248759037 13486.640714643796 1774.4824229688165 1.0000000097402326 0.98999999999999999 16
285.50000000000000 0.0000000000000000 3.1734357504947872 4.5281397559829353 13457.072176589290 1796.2936991402523 1.0000000040596331 0.98999999999999999 17
286.00000000000000 0.0000000000000000 3.2103074531937450 4.5561826568915063 13427.367577186007 1818.3330102519249 1.0000000046525985 0.98999999999999999 17
286.50000000000000 0.0000000000000000 3.2474821532875762 4.5843857708622178 13397.524758731161 1840.6028184908623 1.0000000054467364 0.98999999999999999 17
287.00000000000000 0.0000000000000000 3.2849610780705123 4.6127503609623179 13367.541502817763 1863.1056055106542 1.0000000063001548 0.98999999999999999 17
287.50000000000000 0.0000000000000000 3.3227454479640515 4.6412777105861771 13337.415536357963 1885.8439005920975 1.0000000072119544 0.98999999999999999 17
288.00000000000000 0.0000000000000000 3.3608364774900004 4.6699691239946466 13307.144529940926 1908.8202824720215 1.0000000084020331 0.98999999999999999 17
288.50000000000000 0.0000000000000000 3.3992353735136298 4.6988259268739236 13276.726091889803 1932.0373803997618 1.0000000097077646 0.98999999999999999 17
289.00000000000000 0.0000000000000000 3.4379433748314301 4.7278494669150710 13246.157775877260 1955.4979097362998 1.0000000043136053 0.98999999999999999 18
289.50000000000000 0.0000000000000000 3.4769616044516787 4.7570411144150828 13215.437054909173 1979.2045492812395 1.0000000050053515 0.98999999999999999 18
290.00000000000000 0.0000000000000000 3.5162912811626472 4.7864022629004506 13184.561350361953 2003.1601222985171 1.0000000058401870 0.98999999999999999 18
290.50000000000000 0.0000000000000000 3.5559335839401371 4.8159343297745449 13153.528009248734 2027.3674850079965 1.0000000066625012 0.98999999999999999 18
291.00000000000000 0.0000000000000000 3.5958896836647263 4.8456387569897270 13122.334307581570 2051.8295551967681 1.0000000077314435 0.98999999999999999 18
291.50000000000000 0.0000000000000000 3.6361607444281541 4.8755170117455995 13090.977446240022 2076.5493169771048 1.0000000089485803 0.98999999999999999 18
292.00000000000000 0.0000000000000000 3.6767479593210135 4.9055705872146858 13059.454553706144 2101.5298543408412 1.0000000041559978 0.98999999999999999 19
292.50000000000000 0.0000000000000000 3.7176524073366548 4.9358010032967927 13027.762662247176 2126.7742298177459 1.0000000048639739 0.98999999999999999 19
293.00000000000000 0.0000000000000000 3.7588752595936907 4.9662098074037750 12995.898734093616 2152.2856668378286 1.0000000057425102 0.98999999999999999 19
293.50000000000000 0.0000000000000000 3.8004176486640873 4.9967985752760322 12963.859640852548 2178.0674402450131 1.0000000067080292 0.98999999999999999 19
294.00000000000000 0.0000000000000000 3.8422806982820581 5.0275689118326135 12931.642162577051 2204.1229048848522 1.0000000077487068 0.98999999999999999 19
294.50000000000000 0.0000000000000000 3.8844655219109621 5.0585224520565362 12899.242983717784 2230.4554985749228 1.0000000090079411 0.98999999999999999 19
295.00000000000000 0.0000000000000000 3.9269732686782146 5.0896608619173858 12866.658699457144 2257.0687877223068 1.0000000043515731 0.98999999999999999 20
295.50000000000000 0.0000000000000000 3.9698049594955744 5.1209858393331169 12833.885779389022 2283.9663229009366 1.0000000051748703 0.98999999999999999 20
296.00000000000000 0.0000000000000000 4.0129617180384809 5.1524991151732316 12800.920605120271 2311.1518522864867 1.0000000061465426 0.98999999999999999 20
296.50000000000000 0.0000000000000000 4.0564446254797764 5.1842024543057157 12767.759440810059 2338.6291952396564 1.0000000070701480 0.98999999999999999 20
297.00000000000000 0.0000000000000000 4.1002547512100476 5.2160976566900681 12734.398434412218 2366.4022748838015 1.0000000083554599 0.98999999999999999 20
297.50000000000000 0.0000000000000000 4.1443931571214838 5.2481865585192535 12700.833609407535 2394.4751272976978 1.0000000097367174 0.98999999999999999 20
298.00000000000000 0.0000000000000000 4.1888609423031182 5.2804710334132574 12667.060872164760 2422.8519491657908 1.0000000050276174 0.98999999999999999 21
298.50000000000000 0.0000000000000000 4.2336590620609869 5.3129529936672766 12633.075969085876 2451.5369338315209 1.0000000060022940 0.98999999999999999 21
299.00000000000000 0.39866003787100313E-1 4.2787885920500583 5.3456343915579874 12598.874531599740 2480.5345248894787 1.0000000069218575 0.98999999999999999 21
299.50000000000000 0.18151602287346125 4.3242505541834362 5.3785172207110223 12564.452035311702 2509.8492605143360 1.0000000077815245 0.98999999999999999 21
300.00000000000000 0.32253739616753158 4.3700459612542062 5.4116035175338961 12529.803804307225 2539.4858210195898 1.0000000088798520 0.98999999999999999 21
300.50000000000000 0.46292865420205886 4.4161758629078278 5.4448953627179391 12494.925010974732 2569.4490823426463 1.0000000045839097 0.98009999999999997 22
301.00000000000000 0.60268828072547909 4.4626411683162726 5.4783948828138742 12459.810631474124 2599.7439510023723 1.0000000053514617 0.98009999999999997 22
301.50000000000000 0.74181471104484797 4.5094429003451459 5.5121042518856580 12424.455489005628 2630.3756193367303 1.0000000060393275 0.98009999999999997 22
302.00000000000000 0.88030633028537031 4.5565820316635914 5.5460256932475822 12388.854215787225 2661.3494156110942 1.0000000069904273 0.98009999999999997 22
302.50000000000000 1.0181614715610594 4.6040595249064893 5.5801614812901521 12353.001244768528 2692.6708529567331 1.0000000079060005 0.98009999999999997 22
303.00000000000000 1.1553784140512793 4.6518763306554023 5.6145139434005857 12316.890803969927 2724.3456366173073 1.0000000089309398 0.98009999999999997 22
303.50000000000000 1.2919553809762894 4.7000334403307296 5.6490854619843303 12280.516920386584 2756.3797298361624 1.0000000048893720 0.98009999999999997 23
304.00000000000000 1.4278905374644995 4.7485316938527902 5.6838784765946420 12243.873353563740 2788.7791688737348 1.0000000055695357 0.98009999999999997 23
304.50000000000000 1.5631819883045852 4.7973720530613839 5.7188954861774084 12206.953658775101 2821.5503543090017 1.0000000064623202 0.98009999999999997 23
305.00000000000000 1.6978277755748479 4.8465554274948159 5.7541390514397524 12169.751123950236 2854.6998863807125 1.0000000073332129 0.98009999999999997 23
305.50000000000000 1.8318258761387616 4.8960827142627483 5.7896117973509282 12132.258771428538 2888.2346208041695 1.0000000084076994 0.98009999999999997 23
306.00000000000000 1.9651741989998668 4.9459548006602088 5.8253164157854949 12094.469338822984 2922.1616862987662 1.0000000095752957 0.98009999999999997 23
306.50000000000000 2.0978705825032593 4.9961726160761186 5.8612556683188783 12056.375278979975 2956.4885572853027 1.0000000055963010 0.98009999999999997 24
307.00000000000000 2.2299127913735957 5.0467369238563506 5.8974323891872329 12017.968686898121 2991.2228476452051 1.0000000065788712 0.98009999999999997 24
307.50000000000000 2.3612985135764180 5.0976486247218267 5.9338494884237960 11979.241357617639 3026.3726555071853 1.0000000075311630 0.98009999999999997 24
308.00000000000000 2.4920253569885791 5.1489085593069408 5.9705099551858094 11940.184719670582 3061.9463722640330 1.0000000086838676 0.98009999999999997 24
308.50000000000000 2.6220908458644150 5.2005176091646366 6.0074168612866936 11900.789836140597 3097.9528158471303 1.0000000052551830 0.98009999999999997 25
309.00000000000000 2.7514924170790613 5.2524764972188533 6.0445733649504145 11861.047326044230 3134.4010308116658 1.0000000061307697 0.98009999999999997 25
309.50000000000000 2.8802274161316901 5.3047860747686739 6.0819827148060499 11820.947418381589 3171.3006353990154 1.0000000070695951 0.98009999999999997 25
310.00000000000000 3.0082930928890557 5.3574471367510927 6.1196482541426418 11780.479875011310 3208.6616434956522 1.0000000082277254 0.98009999999999997 25
310.50000000000000 3.1356865970461216 5.4104604658360920 6.1575734254465191 11739.633968034026 3246.4945443143442 1.0000000095301722 0.98009999999999997 25
311.00000000000000 3.2624049732798186 5.4638268928820697 6.1957617752456180 11698.398469783002 3284.8104072903702 1.0000000060145711 0.98009999999999997 26
311.50000000000000 3.3884451560693085 5.5175470671502600 6.2342169592878820 11656.761542984284 3323.6206467681791 1.0000000069979949 0.98009999999999997 26
312.00000000000000 3.5138039641512782 5.5716217863492563 6.2729427480839375 11614.710804794942 3362.9374498794191 1.0000000081918872 0.98009999999999997 26
312.50000000000000 3.6384780945782063 5.6260517869626927 6.3119430328474753 11572.233218894058 3402.7735733376503 1.0000000095337374 0.98009999999999997 26
313.00000000000000 3.7624641163411883 5.6808378531367971 6.3512218318708644 11529.315085322256 3443.1425239735836 1.0000000063023162 0.98009999999999997 27
313.50000000000000 3.8857584635160416 5.7359805817000584 6.3907832973774594 11485.941905164915 3484.0583157331071 1.0000000074586335 0.98009999999999997 27
314.00000000000000 4.0083574278863221 5.7914807247641678 6.4306317228976928 11442.098443233386 3525.5359535849334 1.0000000086369358 0.98009999999999997 27
314.50000000000000 4.1302571509893538 5.8473390273589505 6.4707715512209640 11397.768617426418 3567.5912970320906 1.0000000059002743 0.98009999999999997 28
315.00000000000000 4.2514536155286136 5.9035560558865221 6.5112073829826898 11352.935352460592 3610.2409049371236 1.0000000069508981 0.98009999999999997 28
315.50000000000000 4.3719426360836922 5.9601325217316488 6.5519439859528763 11307.580635346463 3653.5025277694531 1.0000000082359888 0.98009999999999997 28
316.00000000000000 4.4917198490438457 6.0170690749592346 6.5929863051013982 11261.685350073340 3697.3949279515100 1.0000000097574053 0.98009999999999997 28
316.50000000000000 4.6107807016796167 6.0743664218754514 6.6343394735255128 11215.229231331798 3741.9381304914141 1.0000000068608281 0.98009999999999997 29
317.00000000000000 4.7291204402550155 6.1320250605751534 6.6760088243364839 11168.190649195147 3787.1531633478330 1.0000000081507943 0.98009999999999997 29
317.50000000000000 4.8467340970698443 6.1900456609700916 6.7179999036163389 11120.546653244486 3833.0626940852358 1.0000000097501258 0.98009999999999997 29
318.00000000000000 4.9636164763058277 6.2484288964525767 6.7603184845710729 11072.272776218493 3879.6909383308312 1.0000000070982662 0.98009999999999997 30
318.50000000000000 5.0797621385294942 6.3071752224278779 6.8029705830266174 11023.342778227543 3927.0634787757417 1.0000000085172551 0.98009999999999997 30
319.00000000000000 5.1951653836857679 6.3662853393050156 6.8459624744345655 10973.728704753596 3975.2081026120895 1.0000000063391579 0.98009999999999997 31
319.50000000000000 5.3098202323870058 6.4257596933113943 6.8893007125826626 10923.400457453197 4024.1542540881151 1.0000000076786282 0.98009999999999997 31
320.00000000000000 5.4237204052717090 6.4855988869628920 6.9329921502351315 10872.325784515075 4073.9338558281024 1.0000000092795289 0.98009999999999997 31
320.50000000000000 5.5368593001705699 6.5458035308903026 6.9770439619661122 10820.469976522121 4124.5813366095599 1.0000000071753286 0.98009999999999997 32
321.00000000000000 5.6492299667708874 6.6063740191797322 7.0214636694946284 10767.795457785747 4176.1335403110979 1.0000000087280891 0.98009999999999997 32
321.50000000000000 5.7608250784167643 6.6673109945046347 7.0662591698839696 10714.261739402877 4228.6307869425418 1.0000000068735311 0.97029899999999991 33
322.00000000000000 5.8716369006155880 6.7286148303181292 7.1114387670347874 10659.824753651117 4282.1163906296579 1.0000000084617164 0.97029899999999991 33
322.50000000000000 5.9816572557394876 6.7902861428349013 7.1570112069829772 10604.436746684254 4336.6379328227886 1.0000000068274488 0.97029899999999991 34
323.00000000000000 6.0908774833120702 6.8523252808397794 7.2029857176127168 10548.045464439583 4392.2468784838202 1.0000000084359773 0.97029899999999991 34
323.50000000000000 6.1992883951444249 6.9147328356865199 7.2493720535202728 10490.593927531474 4449.0000379810044 1.0000000070879740 0.97029899999999991 35
324.00000000000000 6.3068802244299498 6.9775091307528188 7.2961805469186007 10432.019402862996 4506.9593206954223 1.0000000088693877 0.97029899999999991 35
324.50000000000000 6.4136425677131115 7.0406547376362738 7.3434221656686587 10372.252985294530 4566.1934795183470 1.0000000076199287 0.97029899999999991 36
325.00000000000000 6.5195643183968439 7.1041699446136723 7.3911085797715668 10311.218255435957 4626.7780442713110 1.0000000096183863 0.97029899999999991 36
325.50000000000000 6.6246335901370497 7.1680553116980601 7.4392522379740438 10248.830586336722 4688.7975386975595 1.0000000085287795 0.97029899999999991 37
326.00000000000000 6.7288376280593418 7.2323111656739503 7.4878664565516706 10184.995365595032 4752.3458400128311 1.0000000077009477 0.97029899999999991 38
326.50000000000000 6.8321627051934524 7.2969378252068058 7.5369655228740866 10119.606502076347 4817.5282738716323 1.0000000098966548 0.97029899999999991 38
327.00000000000000 6.9345940008084250 7.3619358192029249 7.5865648170702453 10052.544612180249 4884.4641719499223 1.0000000092023313 0.97029899999999991 39
327.50000000000000 7.0361154563708226 7.4273054354812968 7.6366809560698714 9983.6740328263277 4953.2884072200668 1.0000000087096432 0.97029899999999991 40
328.00000000000000 7.1367096035480495 7.4930470289692988 7.6873319656003076 9912.8399327061670 5024.1552641635653 1.0000000084263299 0.97029899999999991 41
328.50000000000000 7.2363573568771775 7.5591609422551995 7.7385374875176360 9839.8641782045634 5097.2423215238277 1.0000000083200795 0.97029899999999991 42
329.00000000000000 7.3350377611924404 7.6256475051309911 7.7903190323796085 9764.5401089199495 5172.7556750069562 1.0000000083933471 0.97029899999999991 43
329.50000000000000 7.4327276802802826 7.6925070355712810 7.8427002907905132 9686.6257028347009 5250.9367740432681 1.0000000086507781 0.96059600999999994 44
330.00000000000000 7.5294014079349409 7.7597398389891543 7.8957075223457993 9605.8344777058101 5332.0715170269868 1.0000000090249015 0.96059600999999994 45
330.50000000000000 7.6250301746430020 7.8273462061006169 7.9493700489480084 9521.8231358678659 5416.5025903541673 1.0000000097505362 0.96059600999999994 46
331.00000000000000 7.7195815108922492 7.8953265031447906 8.0037208914978546 9434.1746037466837 5504.6469358139011 1.0000000085411367 0.96059600999999994 48
331.50000000000000 7.8130184086499135 7.9636808373147341 8.0587976084164481 9342.3729418353814 5597.0189781441895 1.0000000097700763 0.96059600999999994 49
332.00000000000000 7.9052981904779598 8.0324096282913686 8.1146434265303800 9245.7685854926040 5694.2686077733670 1.0000000092907608 0.96059600999999994 51
332.50000000000000 7.9963709405163073 8.1015130380289726 8.1713088100888953 9143.5224187297536 5797.2337885914858 1.0000000093024961 0.96059600999999994 53
333.00000000000000 8.0861772514022281 8.1709912979395423 8.2288537138445665 9034.5191464808668 5907.0290617854189 1.0000000097956714 0.95099004989999991 55
333.50000000000000 8.1746448477186924 8.2408447085401786 8.2873509596059662 8917.2202599361644 6025.1928949742114 1.0000000091522363 0.95099004989999991 58
334.00000000000000 8.2616832420382948 8.3110733866942290 8.3468915801936525 8789.3965661343118 6153.9527482580979 1.0000000093970507 0.95099004989999991 61
334.50000000000000 8.3471746422841537 8.3816775987412218 8.4075939120800669 8647.5982761470314 6296.7580113728591 1.0000000091887675 0.95099004989999991 65
335.00000000000000 8.4309568301843854 8.4526574125913765 8.4696207169355588 8485.9415914909187 6459.4884727292547 1.0000000099713142 0.94148014940099989 69
335.50000000000000 8.5127855366143805 8.5240131100113121 8.5332168062864842 8292.7008169531728 6653.8657243985390 1.0000000099265802 0.94148014940099989 75
336.00000000000000 8.5922254744042377 8.5957446186954236 8.5988180087085517 8036.0644020401560 6911.6586629143603 1.0000000097439334 0.93206534790698992 81
336.44447956654483 8.6598287238435958 8.6598287238435958 8.6598287238435958 7474.4809223799166 7474.4809223799166 1.0000000000000000 1.0000000000000000 0
